0.014492754
0.014492754
0.014492754
0.014492754
0.014492754
0.014492754
0.014492754
0.014492754
0.014492754
0.014492754
0.014492754
0.014492754
0.014492754
0.014492754
0.014492754
0.014492754
0.028985508
0.028985508
0.028985508
0.028985508
0.028985508
0.028985508
0.028985508
0.028985508
0.028985508
0.028985508
0.028985508
0.028985508
0.028985508
0.028985508
0.028985508
0.028985508
0.028985508
0.028985508
0.028985508
0.028985508
0.028985508
0.028985508
0.028985508
0.043478262
0.043478262
0.043478262
0.043478262
0.043478262
0.043478262
0.043478262
0.043478262
0.043478262
0.043478262
0.043478262
0.043478262
0.043478262
0.043478262
0.043478262
0.043478262
0.043478262
0.043478262
0.043478262
0.043478262
0.043478262
0.043478262
0.043478262
0.043478262
0.043478262
0.043478262
0.043478262
0.043478262
0.043478262
0.057971016
0.057971016
0.057971016
0.057971016
0.057971016
0.057971016
0.057971016
0.057971016
0.057971016
0.057971016
0.057971016
0.057971016
0.057971016
0.057971016
0.057971016
0.057971016
0.057971016
0.057971016
0.057971016
0.057971016
0.057971016
0.057971016
0.057971016
0.057971016
0.057971016
0.057971016
0.057971016
0.07246377
0.07246377
0.07246377
0.07246377
0.07246377
0.07246377
0.07246377
0.07246377
0.07246377
0.07246377
0.07246377
0.07246377
0.07246377
0.07246377
0.07246377
0.07246377
0.07246377
0.07246377
0.07246377
0.07246377
0.07246377
0.07246377
0.07246377
0.07246377
0.07246377
0.07246377
0.086956524
0.086956524
0.086956524
0.086956524
0.086956524
0.086956524
0.086956524
0.086956524
0.086956524
0.086956524
0.086956524
0.086956524
0.086956524
0.086956524
0.086956524
0.086956524
0.086956524
0.086956524
0.086956524
0.086956524
0.086956524
0.086956524
0.086956524
0.086956524
0.086956524
0.086956524
0.086956524
0.086956524
0.086956524
0.086956524
0.086956524
0.086956524
0.086956524
0.086956524
0.086956524
0.086956524
0.086956524
0.086956524
0.086956524
0.086956524
0.086956524
0.086956524
0.086956524
0.086956524
0.086956524
0.101449278
0.101449278
0.101449278
0.101449278
0.101449278
0.101449278
0.101449278
0.101449278
0.101449278
0.101449278
0.101449278
0.101449278
0.101449278
0.101449278
0.101449278
0.101449278
0.101449278
0.101449278
0.101449278
0.101449278
0.101449278
0.101449278
0.101449278
0.101449278
0.101449278
0.101449278
0.101449278
0.101449278
0.101449278
0.101449278
0.101449278
0.101449278
0.101449278
0.101449278
0.101449278
0.101449278
0.101449278
0.101449278
0.101449278
0.101449278
0.101449278
0.101449278
0.101449278
0.101449278
0.115942032
0.115942032
0.115942032
0.115942032
0.115942032
0.115942032
0.115942032
0.115942032
0.115942032
0.115942032
0.115942032
0.115942032
0.115942032
0.115942032
0.115942032
0.115942032
0.115942032
0.115942032
0.115942032
0.115942032
0.130434786
0.130434786
0.130434786
0.130434786
0.130434786
0.130434786
0.130434786
0.130434786
0.130434786
0.130434786
0.130434786
0.130434786
0.130434786
0.130434786
0.130434786
0.130434786
0.130434786
0.130434786
0.130434786
0.130434786
0.130434786
0.130434786
0.130434786
0.130434786
0.130434786
0.130434786
0.130434786
0.130434786
0.130434786
0.130434786
0.130434786
0.14492754
0.14492754
0.14492754
0.14492754
0.14492754
0.14492754
0.14492754
0.14492754
0.14492754
0.14492754
0.14492754
0.14492754
0.14492754
0.14492754
0.14492754
0.14492754
0.14492754
0.14492754
0.14492754
0.14492754
0.14492754
0.14492754
0.14492754
0.14492754
0.14492754
0.14492754
0.14492754
0.14492754
0.14492754
0.14492754
0.14492754
0.14492754
0.14492754
0.14492754
0.14492754
0.14492754
0.14492754
0.14492754
0.14492754
0.14492754
0.14492754
0.14492754
0.14492754
0.14492754
0.159420294
0.159420294
0.159420294
0.159420294
0.159420294
0.159420294
0.159420294
0.159420294
0.159420294
0.159420294
0.159420294
0.159420294
0.159420294
0.159420294
0.159420294
0.159420294
0.159420294
0.159420294
0.159420294
0.159420294
0.173913048
0.173913048
0.173913048
0.173913048
0.173913048
0.173913048
0.173913048
0.173913048
0.173913048
0.173913048
0.173913048
0.173913048
0.173913048
0.173913048
0.173913048
0.173913048
0.173913048
0.173913048
0.173913048
0.173913048
0.173913048
0.173913048
0.173913048
0.173913048
0.173913048
0.173913048
0.173913048
0.173913048
0.173913048
0.173913048
0.173913048
0.173913048
0.173913048
0.173913048
0.173913048
0.173913048
0.173913048
0.173913048
0.173913048
0.173913048
0.173913048
0.173913048
0.173913048
0.173913048
0.173913048
0.173913048
0.173913048
0.173913048
0.173913048
0.173913048
0.173913048
0.173913048
0.173913048
0.173913048
0.173913048
0.173913048
0.173913048
0.173913048
0.173913048
0.173913048
0.173913048
0.173913048
0.173913048
0.173913048
0.173913048
0.173913048
0.173913048
0.173913048
0.173913048
0.173913048
0.173913048
0.173913048
0.173913048
0.173913048
0.173913048
0.173913048
0.173913048
0.173913048
0.173913048
0.173913048
0.173913048
0.173913048
0.173913048
0.173913048
0.173913048
0.173913048
0.173913048
0.173913048
0.173913048
0.188405802
0.188405802
0.188405802
0.188405802
0.188405802
0.188405802
0.188405802
0.188405802
0.188405802
0.188405802
0.188405802
0.188405802
0.188405802
0.188405802
0.188405802
0.188405802
0.188405802
0.188405802
0.188405802
0.188405802
0.202898556
0.202898556
0.202898556
0.202898556
0.202898556
0.202898556
0.202898556
0.202898556
0.202898556
0.202898556
0.202898556
0.202898556
0.202898556
0.202898556
0.202898556
0.202898556
0.202898556
0.202898556
0.202898556
0.202898556
0.202898556
0.202898556
0.202898556
0.202898556
0.202898556
0.202898556
0.202898556
0.202898556
0.202898556
0.202898556
0.202898556
0.202898556
0.202898556
0.202898556
0.202898556
0.202898556
0.202898556
0.202898556
0.202898556
0.202898556
0.202898556
0.202898556
0.21739131
0.21739131
0.21739131
0.21739131
0.21739131
0.21739131
0.21739131
0.21739131
0.21739131
0.21739131
0.21739131
0.21739131
0.21739131
0.21739131
0.21739131
0.21739131
0.21739131
0.21739131
0.21739131
0.21739131
0.21739131
0.21739131
0.21739131
0.21739131
0.21739131
0.21739131
0.21739131
0.231884064
0.231884064
0.231884064
0.231884064
0.231884064
0.231884064
0.231884064
0.231884064
0.231884064
0.231884064
0.231884064
0.231884064
0.231884064
0.231884064
0.231884064
0.231884064
0.231884064
0.231884064
0.231884064
0.231884064
0.246376818
0.246376818
0.246376818
0.246376818
0.246376818
0.246376818
0.246376818
0.246376818
0.246376818
0.246376818
0.246376818
0.246376818
0.246376818
0.246376818
0.246376818
0.246376818
0.246376818
0.246376818
0.246376818
0.246376818
0.246376818
0.246376818
0.246376818
0.246376818
0.246376818
0.246376818
0.246376818
0.246376818
0.246376818
0.246376818
0.246376818
0.246376818
0.246376818
0.260869572
0.260869572
0.260869572
0.260869572
0.260869572
0.260869572
0.260869572
0.260869572
0.260869572
0.260869572
0.260869572
0.260869572
0.260869572
0.260869572
0.260869572
0.260869572
0.260869572
0.260869572
0.260869572
0.260869572
0.275362326
0.275362326
0.275362326
0.275362326
0.275362326
0.275362326
0.275362326
0.275362326
0.275362326
0.275362326
0.275362326
0.275362326
0.275362326
0.275362326
0.275362326
0.275362326
0.275362326
0.275362326
0.275362326
0.275362326
0.275362326
0.275362326
0.275362326
0.275362326
0.275362326
0.275362326
0.275362326
0.275362326
0.275362326
0.275362326
0.28985508
0.28985508
0.28985508
0.28985508
0.28985508
0.28985508
0.28985508
0.28985508
0.28985508
0.28985508
0.28985508
0.28985508
0.28985508
0.28985508
0.28985508
0.28985508
0.28985508
0.28985508
0.28985508
0.28985508
0.28985508
0.28985508
0.28985508
0.28985508
0.28985508
0.28985508
0.28985508
0.28985508
0.28985508
0.28985508
0.28985508
0.304347834
0.304347834
0.304347834
0.304347834
0.304347834
0.304347834
0.304347834
0.304347834
0.304347834
0.304347834
0.304347834
0.304347834
0.304347834
0.304347834
0.304347834
0.304347834
0.304347834
0.304347834
0.304347834
0.304347834
0.318840588
0.318840588
0.318840588
0.318840588
0.318840588
0.318840588
0.318840588
0.318840588
0.318840588
0.318840588
0.318840588
0.318840588
0.318840588
0.318840588
0.318840588
0.318840588
0.318840588
0.318840588
0.318840588
0.318840588
0.318840588
0.318840588
0.318840588
0.318840588
0.318840588
0.318840588
0.318840588
0.318840588
0.318840588
0.318840588
0.318840588
0.318840588
0.318840588
0.318840588
0.318840588
0.318840588
0.318840588
0.318840588
0.318840588
0.318840588
0.318840588
0.318840588
0.318840588
0.318840588
0.333333342
0.333333342
0.333333342
0.333333342
0.333333342
0.333333342
0.333333342
0.333333342
0.333333342
0.333333342
0.333333342
0.333333342
0.333333342
0.333333342
0.333333342
0.333333342
0.333333342
0.333333342
0.333333342
0.333333342
0.347826096
0.347826096
0.347826096
0.347826096
0.347826096
0.347826096
0.347826096
0.347826096
0.347826096
0.347826096
0.347826096
0.347826096
0.347826096
0.347826096
0.347826096
0.347826096
0.347826096
0.347826096
0.347826096
0.347826096
0.36231885
0.36231885
0.36231885
0.36231885
0.36231885
0.36231885
0.36231885
0.36231885
0.36231885
0.36231885
0.36231885
0.36231885
0.36231885
0.36231885
0.36231885
0.36231885
0.36231885
0.36231885
0.36231885
0.36231885
0.36231885
0.36231885
0.36231885
0.36231885
0.36231885
0.36231885
0.36231885
0.36231885
0.376811604
0.376811604
0.376811604
0.376811604
0.376811604
0.376811604
0.376811604
0.376811604
0.376811604
0.376811604
0.376811604
0.376811604
0.376811604
0.376811604
0.376811604
0.376811604
0.376811604
0.376811604
0.376811604
0.376811604
0.391304358
0.391304358
0.391304358
0.391304358
0.391304358
0.391304358
0.391304358
0.391304358
0.391304358
0.391304358
0.391304358
0.391304358
0.391304358
0.391304358
0.391304358
0.391304358
0.391304358
0.391304358
0.391304358
0.391304358
0.405797112
0.405797112
0.405797112
0.405797112
0.405797112
0.405797112
0.405797112
0.405797112
0.405797112
0.405797112
0.405797112
0.405797112
0.405797112
0.405797112
0.405797112
0.405797112
0.405797112
0.405797112
0.405797112
0.405797112
0.405797112
0.405797112
0.405797112
0.405797112
0.405797112
0.405797112
0.405797112
0.405797112
0.405797112
0.405797112
0.405797112
0.405797112
0.405797112
0.405797112
0.405797112
0.405797112
0.405797112
0.405797112
0.405797112
0.405797112
0.405797112
0.405797112
0.405797112
0.405797112
0.405797112
0.405797112
0.405797112
0.405797112
0.405797112
0.405797112
0.405797112
0.405797112
0.405797112
0.405797112
0.405797112
0.405797112
0.405797112
0.405797112
0.420289866
0.420289866
0.420289866
0.420289866
0.420289866
0.420289866
0.420289866
0.420289866
0.420289866
0.420289866
0.420289866
0.420289866
0.420289866
0.420289866
0.420289866
0.420289866
0.420289866
0.420289866
0.420289866
0.420289866
0.420289866
0.420289866
0.420289866
0.420289866
0.420289866
0.420289866
0.420289866
0.420289866
0.420289866
0.420289866
0.420289866
0.420289866
0.420289866
0.420289866
0.420289866
0.420289866
0.420289866
0.43478262
0.43478262
0.43478262
0.43478262
0.43478262
0.43478262
0.43478262
0.43478262
0.43478262
0.43478262
0.43478262
0.43478262
0.43478262
0.43478262
0.43478262
0.449275374
0.449275374
0.449275374
0.449275374
0.449275374
0.449275374
0.449275374
0.449275374
0.449275374
0.449275374
0.449275374
0.449275374
0.449275374
0.449275374
0.449275374
0.449275374
0.449275374
0.449275374
0.449275374
0.449275374
0.449275374
0.449275374
0.449275374
0.449275374
0.449275374
0.449275374
0.449275374
0.449275374
0.449275374
0.449275374
0.449275374
0.449275374
0.449275374
0.449275374
0.449275374
0.449275374
0.449275374
0.449275374
0.449275374
0.449275374
0.449275374
0.449275374
0.449275374
0.449275374
0.449275374
0.449275374
0.449275374
0.449275374
0.449275374
0.449275374
0.449275374
0.463768128
0.463768128
0.463768128
0.463768128
0.463768128
0.463768128
0.463768128
0.463768128
0.463768128
0.463768128
0.463768128
0.463768128
0.463768128
0.463768128
0.463768128
0.463768128
0.463768128
0.463768128
0.463768128
0.463768128
0.463768128
0.463768128
0.463768128
0.463768128
0.463768128
0.463768128
0.463768128
0.463768128
0.463768128
0.463768128
0.463768128
0.463768128
0.463768128
0.463768128
0.463768128
0.463768128
0.463768128
0.463768128
0.463768128
0.463768128
0.463768128
0.463768128
0.463768128
0.463768128
0.463768128
0.463768128
0.478260882
0.478260882
0.478260882
0.478260882
0.478260882
0.478260882
0.478260882
0.478260882
0.478260882
0.478260882
0.478260882
0.478260882
0.478260882
0.478260882
0.478260882
0.478260882
0.478260882
0.478260882
0.478260882
0.478260882
0.478260882
0.478260882
0.478260882
0.478260882
0.478260882
0.478260882
0.478260882
0.478260882
0.478260882
0.478260882
0.478260882
0.478260882
0.478260882
0.478260882
0.478260882
0.478260882
0.478260882
0.478260882
0.478260882
0.478260882
0.478260882
0.478260882
0.478260882
0.478260882
0.478260882
0.478260882
0.478260882
0.478260882
0.478260882
0.478260882
0.478260882
0.492753636
0.492753636
0.492753636
0.492753636
0.492753636
0.492753636
0.492753636
0.492753636
0.492753636
0.492753636
0.492753636
0.492753636
0.492753636
0.492753636
0.492753636
0.492753636
0.492753636
0.492753636
0.492753636
0.492753636
0.492753636
0.492753636
0.492753636
0.492753636
0.492753636
0.492753636
0.492753636
0.492753636
0.492753636
0.492753636
0.492753636
0.492753636
0.492753636
0.492753636
0.492753636
0.492753636
0.492753636
0.492753636
0.492753636
0.492753636
0.492753636
0.492753636
0.492753636
0.492753636
0.492753636
0.492753636
0.492753636
0.492753636
0.492753636
0.492753636
0.492753636
0.492753636
0.492753636
0.492753636
0.492753636
0.492753636
0.492753636
0.492753636
0.492753636
0.492753636
0.492753636
0.492753636
0.492753636
0.492753636
0.492753636
0.492753636
0.492753636
0.492753636
0.492753636
0.492753636
0.492753636
0.492753636
0.492753636
0.492753636
0.492753636
0.492753636
0.492753636
0.492753636
0.492753636
0.492753636
0.492753636
0.492753636
0.492753636
0.492753636
0.492753636
0.492753636
0.492753636
0.492753636
0.492753636
0.492753636
0.492753636
0.492753636
0.492753636
0.492753636
0.492753636
0.492753636
0.492753636
0.492753636
0.492753636
0.492753636
0.492753636
0.492753636
0.492753636
0.492753636
0.492753636
0.492753636
0.492753636
0.492753636
0.492753636
0.492753636
0.492753636
0.492753636
0.492753636
0.492753636
0.492753636
0.492753636
0.492753636
0.492753636
0.492753636
0.492753636
0.492753636
0.492753636
0.492753636
0.492753636
0.492753636
0.492753636
0.492753636
0.492753636
0.492753636
0.492753636
0.492753636
0.492753636
0.492753636
0.492753636
0.492753636
0.492753636
0.492753636
0.492753636
0.492753636
0.492753636
0.492753636
0.492753636
0.50724639
0.50724639
0.50724639
0.50724639
0.50724639
0.50724639
0.50724639
0.50724639
0.50724639
0.50724639
0.50724639
0.50724639
0.50724639
0.50724639
0.50724639
0.50724639
0.50724639
0.50724639
0.50724639
0.50724639
0.50724639
0.50724639
0.50724639
0.50724639
0.50724639
0.50724639
0.50724639
0.50724639
0.50724639
0.50724639
0.50724639
0.50724639
0.50724639
0.50724639
0.50724639
0.50724639
0.50724639
0.50724639
0.50724639
0.50724639
0.50724639
0.50724639
0.50724639
0.50724639
0.50724639
0.50724639
0.50724639
0.50724639
0.50724639
0.50724639
0.50724639
0.50724639
0.50724639
0.50724639
0.50724639
0.50724639
0.50724639
0.50724639
0.50724639
0.50724639
0.50724639
0.50724639
0.50724639
0.50724639
0.50724639
0.50724639
0.521739144
0.521739144
0.521739144
0.521739144
0.521739144
0.521739144
0.521739144
0.521739144
0.521739144
0.521739144
0.521739144
0.521739144
0.521739144
0.521739144
0.521739144
0.521739144
0.521739144
0.521739144
0.521739144
0.521739144
0.521739144
0.521739144
0.521739144
0.521739144
0.521739144
0.521739144
0.521739144
0.521739144
0.521739144
0.521739144
0.521739144
0.521739144
0.521739144
0.521739144
0.521739144
0.521739144
0.521739144
0.521739144
0.521739144
0.521739144
0.521739144
0.521739144
0.521739144
0.521739144
0.521739144
0.521739144
0.521739144
0.521739144
0.521739144
0.521739144
0.521739144
0.521739144
0.521739144
0.521739144
0.521739144
0.521739144
0.521739144
0.521739144
0.521739144
0.521739144
0.521739144
0.521739144
0.521739144
0.521739144
0.521739144
0.521739144
0.521739144
0.521739144
0.521739144
0.521739144
0.521739144
0.521739144
0.521739144
0.521739144
0.521739144
0.521739144
0.521739144
0.521739144
0.521739144
0.521739144
0.521739144
0.521739144
0.521739144
0.521739144
0.521739144
0.521739144
0.521739144
0.521739144
0.521739144
0.521739144
0.521739144
0.521739144
0.521739144
0.521739144
0.521739144
0.521739144
0.521739144
0.521739144
0.521739144
0.521739144
0.521739144
0.521739144
0.521739144
0.521739144
0.521739144
0.521739144
0.521739144
0.521739144
0.521739144
0.521739144
0.521739144
0.521739144
0.521739144
0.521739144
0.521739144
0.521739144
0.521739144
0.521739144
0.521739144
0.521739144
0.521739144
0.521739144
0.521739144
0.521739144
0.521739144
0.521739144
0.521739144
0.521739144
0.521739144
0.521739144
0.521739144
0.521739144
0.521739144
0.521739144
0.521739144
0.521739144
0.521739144
0.521739144
0.521739144
0.521739144
0.521739144
0.521739144
0.521739144
0.536231898
0.536231898
0.536231898
0.536231898
0.536231898
0.536231898
0.536231898
0.536231898
0.536231898
0.536231898
0.536231898
0.536231898
0.536231898
0.536231898
0.536231898
0.536231898
0.536231898
0.536231898
0.536231898
0.536231898
0.536231898
0.536231898
0.536231898
0.536231898
0.536231898
0.536231898
0.536231898
0.550724652
0.550724652
0.550724652
0.550724652
0.550724652
0.550724652
0.550724652
0.550724652
0.550724652
0.550724652
0.550724652
0.550724652
0.550724652
0.550724652
0.550724652
0.550724652
0.550724652
0.550724652
0.550724652
0.550724652
0.565217406
0.565217406
0.565217406
0.565217406
0.565217406
0.565217406
0.565217406
0.565217406
0.565217406
0.565217406
0.565217406
0.565217406
0.565217406
0.565217406
0.565217406
0.565217406
0.565217406
0.565217406
0.565217406
0.565217406
0.57971016
0.57971016
0.57971016
0.57971016
0.57971016
0.57971016
0.57971016
0.57971016
0.57971016
0.57971016
0.57971016
0.57971016
0.57971016
0.57971016
0.57971016
0.57971016
0.57971016
0.57971016
0.57971016
0.57971016
0.594202914
0.594202914
0.594202914
0.594202914
0.594202914
0.594202914
0.594202914
0.594202914
0.594202914
0.594202914
0.594202914
0.594202914
0.594202914
0.594202914
0.594202914
0.594202914
0.594202914
0.594202914
0.594202914
0.594202914
0.594202914
0.594202914
0.594202914
0.594202914
0.594202914
0.594202914
0.608695668
0.608695668
0.608695668
0.608695668
0.608695668
0.608695668
0.608695668
0.608695668
0.608695668
0.608695668
0.608695668
0.608695668
0.608695668
0.608695668
0.608695668
0.608695668
0.608695668
0.608695668
0.608695668
0.608695668
0.608695668
0.608695668
0.608695668
0.608695668
0.608695668
0.608695668
0.623188422
0.623188422
0.623188422
0.623188422
0.623188422
0.623188422
0.623188422
0.623188422
0.623188422
0.623188422
0.623188422
0.623188422
0.623188422
0.623188422
0.623188422
0.623188422
0.623188422
0.623188422
0.623188422
0.623188422
0.623188422
0.623188422
0.623188422
0.623188422
0.623188422
0.623188422
0.623188422
0.623188422
0.623188422
0.623188422
0.623188422
0.623188422
0.623188422
0.623188422
0.623188422
0.623188422
0.623188422
0.623188422
0.623188422
0.623188422
0.623188422
0.623188422
0.623188422
0.623188422
0.623188422
0.637681176
0.637681176
0.637681176
0.637681176
0.637681176
0.637681176
0.637681176
0.637681176
0.637681176
0.637681176
0.637681176
0.637681176
0.637681176
0.637681176
0.637681176
0.637681176
0.637681176
0.637681176
0.637681176
0.637681176
0.637681176
0.65217393
0.65217393
0.65217393
0.65217393
0.65217393
0.65217393
0.65217393
0.65217393
0.65217393
0.65217393
0.65217393
0.65217393
0.65217393
0.65217393
0.65217393
0.65217393
0.65217393
0.65217393
0.65217393
0.65217393
0.65217393
0.65217393
0.65217393
0.65217393
0.65217393
0.65217393
0.65217393
0.65217393
0.65217393
0.65217393
0.65217393
0.65217393
0.65217393
0.65217393
0.65217393
0.65217393
0.65217393
0.65217393
0.65217393
0.65217393
0.65217393
0.65217393
0.65217393
0.65217393
0.65217393
0.65217393
0.65217393
0.65217393
0.65217393
0.65217393
0.65217393
0.65217393
0.65217393
0.65217393
0.65217393
0.65217393
0.65217393
0.65217393
0.65217393
0.65217393
0.666666684
0.666666684
0.666666684
0.666666684
0.666666684
0.666666684
0.666666684
0.666666684
0.666666684
0.666666684
0.666666684
0.666666684
0.666666684
0.666666684
0.666666684
0.666666684
0.666666684
0.666666684
0.666666684
0.666666684
0.681159438
0.681159438
0.681159438
0.681159438
0.681159438
0.681159438
0.681159438
0.681159438
0.681159438
0.681159438
0.681159438
0.681159438
0.681159438
0.681159438
0.681159438
0.681159438
0.681159438
0.681159438
0.681159438
0.681159438
0.681159438
0.681159438
0.681159438
0.681159438
0.681159438
0.681159438
0.681159438
0.681159438
0.681159438
0.681159438
0.681159438
0.681159438
0.681159438
0.681159438
0.681159438
0.681159438
0.681159438
0.681159438
0.681159438
0.681159438
0.681159438
0.681159438
0.681159438
0.681159438
0.681159438
0.681159438
0.681159438
0.681159438
0.681159438
0.681159438
0.681159438
0.681159438
0.681159438
0.681159438
0.681159438
0.681159438
0.681159438
0.681159438
0.681159438
0.681159438
0.681159438
0.681159438
0.681159438
0.681159438
0.681159438
0.695652192
0.695652192
0.695652192
0.695652192
0.695652192
0.695652192
0.695652192
0.695652192
0.695652192
0.695652192
0.695652192
0.695652192
0.695652192
0.695652192
0.695652192
0.695652192
0.695652192
0.695652192
0.695652192
0.695652192
0.695652192
0.695652192
0.695652192
0.695652192
0.695652192
0.695652192
0.695652192
0.710144946
0.710144946
0.710144946
0.710144946
0.710144946
0.710144946
0.710144946
0.710144946
0.710144946
0.710144946
0.710144946
0.710144946
0.710144946
0.710144946
0.710144946
0.710144946
0.710144946
0.710144946
0.710144946
0.710144946
0.710144946
0.710144946
0.710144946
0.710144946
0.710144946
0.710144946
0.710144946
0.710144946
0.710144946
0.710144946
0.710144946
0.710144946
0.710144946
0.710144946
0.710144946
0.710144946
0.710144946
0.710144946
0.710144946
0.710144946
0.710144946
0.710144946
0.710144946
0.710144946
0.710144946
0.710144946
0.710144946
0.710144946
0.710144946
0.710144946
0.710144946
0.710144946
0.710144946
0.710144946
0.710144946
0.710144946
0.710144946
0.7246377
0.7246377
0.7246377
0.7246377
0.7246377
0.7246377
0.7246377
0.7246377
0.7246377
0.7246377
0.7246377
0.7246377
0.7246377
0.7246377
0.7246377
0.7246377
0.7246377
0.7246377
0.7246377
0.7246377
0.7246377
0.7246377
0.7246377
0.7246377
0.7246377
0.7246377
0.7246377
0.7246377
0.7246377
0.7246377
0.7246377
0.7246377
0.7246377
0.7246377
0.7246377
0.7246377
0.7246377
0.7246377
0.7246377
0.7246377
0.7246377
0.7246377
0.7246377
0.7246377
0.7246377
0.7246377
0.7246377
0.7246377
0.7246377
0.7246377
0.7246377
0.7246377
0.7246377
0.7246377
0.7246377
0.7246377
0.7246377
0.7246377
0.7246377
0.7246377
0.7246377
0.7246377
0.7246377
0.739130454
0.739130454
0.739130454
0.739130454
0.739130454
0.739130454
0.739130454
0.739130454
0.739130454
0.739130454
0.739130454
0.739130454
0.739130454
0.739130454
0.739130454
0.739130454
0.739130454
0.739130454
0.739130454
0.739130454
0.753623208
0.753623208
0.753623208
0.753623208
0.753623208
0.753623208
0.753623208
0.753623208
0.753623208
0.753623208
0.753623208
0.753623208
0.753623208
0.753623208
0.753623208
0.753623208
0.753623208
0.753623208
0.753623208
0.753623208
0.753623208
0.753623208
0.753623208
0.753623208
0.753623208
0.753623208
0.753623208
0.753623208
0.753623208
0.753623208
0.753623208
0.753623208
0.753623208
0.753623208
0.753623208
0.753623208
0.753623208
0.768115962
0.768115962
0.768115962
0.768115962
0.768115962
0.768115962
0.768115962
0.768115962
0.768115962
0.768115962
0.768115962
0.768115962
0.768115962
0.768115962
0.768115962
0.768115962
0.768115962
0.768115962
0.768115962
0.768115962
0.768115962
0.768115962
0.768115962
0.768115962
0.768115962
0.768115962
0.768115962
0.768115962
0.768115962
0.768115962
0.768115962
0.768115962
0.768115962
0.768115962
0.768115962
0.768115962
0.768115962
0.768115962
0.768115962
0.768115962
0.768115962
0.768115962
0.768115962
0.782608716
0.782608716
0.782608716
0.782608716
0.782608716
0.782608716
0.782608716
0.782608716
0.782608716
0.782608716
0.782608716
0.782608716
0.782608716
0.782608716
0.782608716
0.782608716
0.782608716
0.782608716
0.782608716
0.782608716
0.782608716
0.782608716
0.782608716
0.782608716
0.782608716
0.782608716
0.782608716
0.782608716
0.782608716
0.782608716
0.782608716
0.782608716
0.782608716
0.782608716
0.782608716
0.782608716
0.782608716
0.782608716
0.782608716
0.782608716
0.782608716
0.782608716
0.782608716
0.782608716
0.782608716
0.782608716
0.782608716
0.782608716
0.782608716
0.782608716
0.782608716
0.782608716
0.782608716
0.782608716
0.782608716
0.782608716
0.782608716
0.782608716
0.782608716
0.782608716
0.782608716
0.782608716
0.782608716
0.79710147
0.79710147
0.79710147
0.79710147
0.79710147
0.79710147
0.79710147
0.79710147
0.79710147
0.79710147
0.79710147
0.79710147
0.79710147
0.79710147
0.79710147
0.811594224
0.811594224
0.811594224
0.811594224
0.811594224
0.811594224
0.811594224
0.811594224
0.811594224
0.811594224
0.811594224
0.811594224
0.811594224
0.811594224
0.811594224
0.811594224
0.811594224
0.811594224
0.811594224
0.811594224
0.826086978
0.826086978
0.826086978
0.826086978
0.826086978
0.826086978
0.826086978
0.826086978
0.826086978
0.826086978
0.826086978
0.826086978
0.826086978
0.826086978
0.826086978
0.826086978
0.826086978
0.826086978
0.826086978
0.826086978
0.840579732
0.840579732
0.840579732
0.840579732
0.840579732
0.840579732
0.840579732
0.840579732
0.840579732
0.840579732
0.840579732
0.840579732
0.840579732
0.840579732
0.840579732
0.840579732
0.840579732
0.840579732
0.840579732
0.840579732
0.840579732
0.840579732
0.840579732
0.840579732
0.840579732
0.840579732
0.840579732
0.840579732
0.840579732
0.840579732
0.840579732
0.855072486
0.855072486
0.855072486
0.855072486
0.855072486
0.855072486
0.855072486
0.855072486
0.855072486
0.855072486
0.855072486
0.855072486
0.855072486
0.855072486
0.855072486
0.855072486
0.855072486
0.855072486
0.855072486
0.855072486
0.86956524
0.86956524
0.86956524
0.86956524
0.86956524
0.86956524
0.86956524
0.86956524
0.86956524
0.86956524
0.86956524
0.86956524
0.86956524
0.86956524
0.86956524
0.86956524
0.86956524
0.86956524
0.86956524
0.86956524
0.86956524
0.86956524
0.86956524
0.86956524
0.86956524
0.86956524
0.86956524
0.86956524
0.86956524
0.86956524
0.86956524
0.86956524
0.86956524
0.86956524
0.86956524
0.86956524
0.86956524
0.86956524
0.86956524
0.86956524
0.86956524
0.86956524
0.86956524
0.86956524
0.86956524
0.86956524
0.86956524
0.86956524
0.86956524
0.86956524
0.86956524
0.86956524
0.86956524
0.884057994
0.884057994
0.884057994
0.884057994
0.884057994
0.884057994
0.884057994
0.884057994
0.884057994
0.884057994
0.884057994
0.884057994
0.884057994
0.884057994
0.884057994
0.884057994
0.884057994
0.884057994
0.884057994
0.884057994
0.884057994
0.884057994
0.884057994
0.884057994
0.884057994
0.884057994
0.884057994
0.884057994
0.884057994
0.884057994
0.884057994
0.884057994
0.884057994
0.884057994
0.884057994
0.884057994
0.884057994
0.884057994
0.884057994
0.884057994
0.884057994
0.884057994
0.884057994
0.884057994
0.898550748
0.898550748
0.898550748
0.898550748
0.898550748
0.898550748
0.898550748
0.898550748
0.898550748
0.898550748
0.898550748
0.898550748
0.898550748
0.898550748
0.898550748
0.898550748
0.898550748
0.898550748
0.898550748
0.898550748
0.898550748
0.898550748
0.898550748
0.898550748
0.898550748
0.898550748
0.898550748
0.898550748
0.898550748
0.898550748
0.913043502
0.913043502
0.913043502
0.913043502
0.913043502
0.913043502
0.913043502
0.913043502
0.913043502
0.913043502
0.913043502
0.913043502
0.913043502
0.913043502
0.913043502
0.913043502
0.913043502
0.913043502
0.913043502
0.913043502
0.913043502
0.913043502
0.913043502
0.913043502
0.913043502
0.913043502
0.913043502
0.913043502
0.913043502
0.913043502
0.913043502
0.913043502
0.913043502
0.913043502
0.913043502
0.913043502
0.913043502
0.913043502
0.913043502
0.913043502
0.913043502
0.913043502
0.913043502
0.913043502
0.913043502
0.913043502
0.927536256
0.927536256
0.927536256
0.927536256
0.927536256
0.927536256
0.927536256
0.927536256
0.927536256
0.927536256
0.927536256
0.927536256
0.927536256
0.927536256
0.927536256
0.927536256
0.927536256
0.927536256
0.927536256
0.927536256
0.927536256
0.927536256
0.927536256
0.927536256
0.927536256
0.927536256
0.927536256
0.94202901
0.94202901
0.94202901
0.94202901
0.94202901
0.94202901
0.94202901
0.94202901
0.94202901
0.94202901
0.94202901
0.94202901
0.94202901
0.94202901
0.94202901
0.94202901
0.94202901
0.94202901
0.94202901
0.94202901
0.956521764
0.956521764
0.956521764
0.956521764
0.956521764
0.956521764
0.956521764
0.956521764
0.956521764
0.956521764
0.956521764
0.956521764
0.956521764
0.956521764
0.956521764
0.956521764
0.956521764
0.956521764
0.956521764
0.956521764
0.971014518
0.971014518
0.971014518
0.971014518
0.971014518
0.971014518
0.971014518
0.971014518
0.971014518
0.971014518
0.971014518
0.971014518
0.971014518
0.971014518
0.971014518
0.971014518
0.971014518
0.971014518
0.971014518
0.971014518
0.985507272
0.985507272
0.985507272
0.985507272
0.985507272
0.985507272
0.985507272
0.985507272
0.985507272
0.985507272
0.985507272
0.985507272
0.985507272
0.985507272
0.985507272
0.985507272
0.985507272
1.000000026
1.000000026
1.000000026
1.000000026
1.000000026
1.000000026
1.000000026
1.000000026
1.000000026
1.000000026
1.000000026
1.000000026
1.000000026
1.000000026
1.000000026
1.000000026
1.000000026
1.000000026
1.000000026
1.000000026
